-1.307647504857873066e+00 -2.239935008156174190e-02 6.212500302417119258e+00
4.577278835611682806e-01 2.991300754756434532e+00 5.564170946976201293e+00
-5.244300203174654396e-01 -4.111480633518044492e+00 -1.271390005541510426e+01
1.905141222237285659e+00 1.982563288077032748e+00 1.982969039250640275e+00
-1.105771532220668346e-01 -5.535623375608453994e-02 -5.528701052861349774e-02
2.126582935225977966e-01 2.312457023958694180e-01 2.315295290645968951e-01
1.432590805964971681e-01 -4.796395689417895625e+00 -7.564857682881349632e+00
-7.222844094908585921e-01 -2.524941782101443044e-01 1.009730761607518401e+00
-1.428314779239266308e+00 -8.590916416332322614e-01 6.139514957392070649e+00
3.333792939103918940e-01 3.498863388420614950e-01 3.499530039332309217e-01
-2.359570713756425353e-01 2.069868015803125738e-01 1.467616875206977145e+00
